40 61.34   161.34 101.34
30 55.45   155.45  85.45
25 52.10   152.10  77.10
17 -40.51   59.49 336.49
15 -53.09   46.91 321.91
10 -63.97   36.03 306.03
10 -58.31   41.69 311.69
360 -66.80  33.20 293.20
360 -66.49  33.51 293.51
360 -77.31  22.69 282.69
350 -67.50  32.50 282.50
340 -64.33  35.67 275.67
340 -65.23  34.77 274.77
330 -58.90  41.10 271.10
320 -54.35  45.65 265.65
310 -51.69  48.31 258.31
300 -45.14  54.86 254.86
290 -40.82  59.18 249.18
280 -34.81  65.19 245.19
270 -31.29  68.71 238.71
255 -22.83  77.17 232.17
240 -16.38  83.62 223.62
215 -6.26   93.74 208.74
200 -0.83   99.17 199.17
180 9.89   109.89 189.89
165 14.87  114.87 179.87
150 20.92  120.92 170.92
135 26.17  126.17 161.17
120 31.87  131.87 151.87
105 38.87  138.87 143.87
90 45.15   145.15 135.15
75 51.41   151.41 126.41
60 59.01   159.01 119.01
45 60.88   160.88 105.88
30 55.98   155.98  85.98
16 -46.01   53.99 329.99
18 -33.46   66.54 344.54
17 -41.32   58.68 335.68
19 -31.43   68.57 347.57
20 -59.86   40.14 320.14
21 -12.95   87.05   8.05
22 -1.40    98.60  20.60
23 11.95   111.95  34.95
