
compass
-------
measured house alignment +5 deg true, -7 deg magnetic
  east:   135
  south   188
  west    234
  north   280
   
  0 319.0  -41
  3 322.3  -41
  4 322.7  -42
  5 324.0  -41
  7 326.6  -40
 10 334.8  -35
 15 345.0  -30
 16 349.0  -27
 17 353.3  -24
 18 356.4  -22
 19 358.5  -20
 20   5.0  -15
 25  16.3   -9
 30  30.0    0
 31  37.5    7
 33  44.2   11
 35  49.4   14
 45  70.1   25
 60  94.5   35
 90 120.3   30
120 139.2   19
150 158.6    9
180 175.6   -4
210 194.5  -15
240 214.6  -25
270 235.5  -34
300 257.4  -43
330 281.0  -49

9 319.0
9 322.3
8 322.7
9 324.0
10 326.6
15 334.8
20 345.0
23 349.0
26 353.3
28 356.4
30 358.5
35 5.0
41 16.3
50 30.0
57 37.5
61 44.2
64 49.4
75 70.1
85 94.5
80 120.3
69 139.2
59 158.6
46 175.6
35 194.5
25 214.6
16 235.5
7 257.4
1 281.0

  0   -41    
  3   -41    
  4   -42    
  5   -41    
  7   -40    
 10   -35    
 15   -30    
 16   -27    
 17   -24    
 18   -22    
 19   -20    
 20   -15    
 25    -9    
 30     0    
 31     7    
 33    11    
 35    14    
 45    25    
 60    35    
 90    30    
120    19    
150     9    
180    -4    
210   -15    
240   -25    
270   -34    
300   -43    
330   -49    

59 0 
59 3
58 4
59 5
60 7
65 10
70 15
73 16
76 17
78 18
80 19
85 20
91 25
100 30
107 31
111 33
114 35
125 45
135 60
130 90
119 120
109 150
96 180
85 210
75 240
66 270
57 300
51 330

 75  127.70  129.15 (196.91)
165  181.54  183.38 ( 54.23) 
255  232.57  233.23 ( 49.85)
345  290.38  292.24 ( 59.01)

